001142601026211 0.11675971 281 403 374 472
001142601026211 0.07787074 284 350 356 395
001142601026211 0.028137403 119 384 256 432
006724601011047 0.4686075 1438 534 1502 616
006724601011047 0.12916692 1346 586 1425 647
006724601011047 0.052532528 69 418 135 508
006724601011047 0.043435037 1400 553 1465 626
006724601011047 0.034404878 1561 534 1633 606
006724601011047 0.03110766 1345 464 1443 506
006724601011047 0.026659478 1475 573 1545 642
006724601011047 0.02084434 1321 555 1399 618
006724601011047 0.018873418 320 493 396 641
006724601011047 0.016905844 1524 415 1606 461
006724601011047 0.011938527 1532 554 1601 626
006724601011047 0.011859932 1546 438 1622 478
006724601011047 0.010731152 1384 477 1516 527
006504701028008 0.30445054 143 614 195 700
006504701028008 0.24591188 166 581 244 630
006504701028008 0.09709888 137 552 223 615
006504701028008 0.09421845 176 607 244 665
006504701028008 0.071154654 218 605 315 637
001111101025896 0.7963661 183 535 291 605
001111101025896 0.63948303 119 541 186 601
001111101025896 0.21600568 232 425 278 498
001111101025896 0.029390058 313 501 380 572
007472401030597 0.43798774 108 579 137 653
007472401030597 0.30044517 85 572 120 673
007472401030597 0.18072322 74 496 109 606
007472401030597 0.09809927 138 490 202 564
007472401030597 0.07624841 160 559 216 677
007472401030597 0.017060416 124 556 160 659
007472401030597 0.012691875 69 563 99 671
007472401030597 0.01122728 92 611 148 696
007472401030597 0.010891975 144 562 183 674
007472401030597 0.010776898 85 669 143 735
006700701032410 0.6047216 867 389 950 483
006700701032410 0.46782622 1123 679 1216 771
006700701032410 0.41644183 877 354 981 435
006700701032410 0.2162079 686 529 756 667
006700701032410 0.13521259 1183 326 1234 374
006700701032410 0.1264434 714 472 763 556
006700701032410 0.11876451 1057 418 1134 507
006700701032410 0.09201055 692 461 739 540
006700701032410 0.08850501 1170 476 1213 591
006700701032410 0.07444486 911 344 1046 398
006700701032410 0.0734885 664 473 715 546
006700701032410 0.04559353 713 515 791 594
006700701032410 0.03995558 1005 450 1089 536
006700701032410 0.023497855 1150 350 1216 405
006700701032410 0.02221903 1115 425 1171 509
006700701032410 0.0208151 1137 478 1188 556
006700701032410 0.017733142 1203 442 1237 558
006700701032410 0.017112333 964 431 1068 500
006700701032410 0.015080977 1158 376 1220 463
006700701032410 0.0135455225 1152 436 1210 507
006700701032410 0.013362124 940 447 1024 533
006700701032410 0.01224538 977 506 1071 575
006700701032410 0.01017724 876 514 977 588
007988301030844 0.49784982 424 491 490 617
007988301030844 0.41507646 736 837 831 931
007988301030844 0.40823597 284 405 372 455
007988301030844 0.06336991 729 705 818 801
007988301030844 0.057698887 754 534 817 635
007988301030844 0.049379572 411 573 502 657
007988301030844 0.03751085 316 344 437 412
007988301030844 0.029695949 337 412 396 471
007988301030844 0.01992313 399 465 467 550
007988301030844 0.019438846 394 525 447 608
007988301030844 0.014977453 1231 627 1311 734
007988301030844 0.014607755 278 364 391 430
007988301030844 0.013202367 358 439 408 502
007988301030844 0.013111001 306 430 370 495
007988301030844 0.011549175 382 489 435 570
007764601033519 0.9965693 482 390 526 460
007764601033519 0.39828268 350 359 416 438
007764601033519 0.24376987 417 553 468 618
007764601033519 0.11203379 455 382 505 482
007764601033519 0.08477452 375 433 431 519
007764601033519 0.035889745 270 460 337 528
007764601033519 0.020062083 409 453 449 543
007764601033519 0.010177658 192 420 288 480
006946101034864 0.5270798 210 505 282 619
006946101034864 0.35754663 936 591 1029 644
006946101034864 0.28258875 994 508 1071 583
006946101034864 0.17362933 953 508 1032 570
006946101034864 0.14911765 163 591 244 692
006946101034864 0.11132926 954 538 1044 629
006946101034864 0.051782016 925 459 990 549
006946101034864 0.028233772 165 536 255 640
006946101034864 0.026004562 198 600 315 689
006946101034864 0.02272485 125 688 243 740
006946101034864 0.022349231 129 661 230 714
006946101034864 0.020379344 951 468 1037 517
006946101034864 0.019136647 1049 475 1092 573
000409301017878 0.69754493 319 595 435 651
000409301017878 0.354529 416 636 463 689
000409301017878 0.35220203 364 604 413 640
000409301017878 0.05462008 378 616 504 685
000409301017878 0.029498363 342 632 400 681
000409301017878 0.026259068 477 657 541 724
000409301017878 0.016974436 431 618 475 665
000409301017878 0.013523075 452 648 509 714
007238101032610 0.9896856 87 648 183 735
007238101032610 0.44089854 797 457 877 541
007238101032610 0.056552105 329 603 395 688
007238101032610 0.03367049 754 597 840 672
007238101032610 0.0265389 836 480 908 576
007238101032610 0.013835115 752 460 833 541
007238101032610 0.011398253 114 734 208 784
007727901033152 0.96979105 188 501 240 584
007727901033152 0.87946093 33 683 62 757
007727901033152 0.2371491 310 687 347 768
007727901033152 0.17431064 322 722 346 804
007727901033152 0.12173417 146 750 207 822
007727901033152 0.07044635 326 711 363 851
007727901033152 0.016242232 336 750 357 815
007727901033152 0.011495951 293 743 350 823
007727901033152 0.010053194 274 724 333 789
001222201027007 0.7061435 171 723 295 792
001222201027007 0.0925472 353 429 426 498
001222201027007 0.09011597 104 463 178 549
001222201027007 0.08878406 1360 705 1449 800
001222201027007 0.049451813 343 406 437 457
001222201027007 0.03681063 116 448 227 501
001222201027007 0.029197805 119 426 231 470
001222201027007 0.025990339 39 374 123 458
001222201027007 0.024981113 226 664 288 772
001222201027007 0.017123437 309 459 380 563
001222201027007 0.01708768 349 612 424 668
001222201027007 0.013681072 78 509 136 642
001222201027007 0.013066473 80 599 163 664
006696401032367 0.1544405 131 550 192 621
006696401032367 0.13578668 398 568 464 641
006696401032367 0.012146838 354 500 423 547
006543701028398 0.84093076 617 381 681 524
006543701028398 0.59436935 742 477 806 553
006543701028398 0.41714138 907 455 967 565
006543701028398 0.3471143 793 345 892 398
006543701028398 0.25949115 850 431 942 504
006543701028398 0.25366282 797 322 898 362
006543701028398 0.104568526 837 371 920 440
006543701028398 0.084100164 696 474 780 584
006543701028398 0.041958578 755 442 840 509
006543701028398 0.02352028 798 455 889 531
006543701028398 0.020349437 605 395 640 544
006543701028398 0.013129239 746 371 869 425
001235001027135 0.90001076 483 606 541 716
001235001027135 0.8745981 515 605 595 682
001235001027135 0.23548862 349 480 435 608
001235001027135 0.23165032 894 680 1032 737
001235001027135 0.19851789 801 609 857 677
001235001027135 0.076904684 544 561 611 653
001235001027135 0.06537386 534 642 628 700
001235001027135 0.032913852 426 615 508 703
001235001027135 0.017076673 168 574 260 661
001235001027135 0.010439946 735 676 826 724
006970801035111 0.68528515 1373 406 1462 481
006970801035111 0.6512763 1294 295 1398 361
006970801035111 0.32015932 1383 346 1459 425
006970801035111 0.27603814 1392 438 1507 497
006970801035111 0.11761275 306 422 392 511
006970801035111 0.079962485 1348 317 1414 396
006970801035111 0.07356434 407 596 476 673
006970801035111 0.050756227 960 346 1026 420
006970801035111 0.01678442 454 601 520 691
006970801035111 0.011311422 1412 360 1508 437
001243701027222 0.99619615 710 575 789 688
001243701027222 0.055284977 669 563 750 667
001243701027222 0.029137112 575 539 653 629
001243701027222 0.02858745 628 550 708 663
001243701027222 0.01655101 270 518 332 606
001243701027222 0.0153795015 220 614 292 688
001243701027222 0.013254184 187 580 258 666
001111701025902 0.96723974 279 488 338 610
001111701025902 0.18138623 167 434 240 535
001111701025902 0.1593932 355 508 408 593
000366401017449 0.9173318 889 435 991 512
000366401017449 0.4824014 1114 390 1180 450
000366401017449 0.23188062 489 370 598 446
000366401017449 0.13630658 872 466 966 559
000366401017449 0.06877315 477 325 655 380
000366401017449 0.01853806 1148 403 1204 487
000366401017449 0.01118786 831 501 898 576
000113701014922 0.9033581 836 563 927 615
000113701014922 0.44218594 648 429 728 483
000113701014922 0.34047154 1172 578 1282 651
000113701014922 0.12040602 834 695 981 732
000113701014922 0.11931289 841 667 997 713
000113701014922 0.10526191 1223 650 1354 702
000113701014922 0.09473129 1185 692 1359 733
000113701014922 0.06691794 691 418 782 472
000113701014922 0.051532593 1439 666 1565 735
000113701014922 0.05131931 1420 561 1517 620
000113701014922 0.043088086 1297 674 1437 716
000113701014922 0.031669263 1259 624 1362 675
000113701014922 0.03133281 552 540 655 609
000113701014922 0.027924689 772 563 884 608
000113701014922 0.024350313 619 547 694 612
000113701014922 0.02244437 1329 691 1493 732
000113701014922 0.020432629 836 592 946 640
000113701014922 0.01603831 550 657 669 725
000113701014922 0.014792669 1411 591 1548 639
000113701014922 0.012768584 1407 533 1509 588
000113701014922 0.012716953 682 441 756 499
000113701014922 0.012505831 621 444 710 521
000113701014922 0.010888869 569 583 671 658
001085201025637 0.9758656 962 392 1038 519
001085201025637 0.7336022 586 665 689 727
001085201025637 0.65900576 131 471 227 532
001085201025637 0.37199676 668 720 777 794
001085201025637 0.21241914 581 709 689 762
001085201025637 0.20009038 942 419 996 534
001085201025637 0.07500899 480 771 596 832
001085201025637 0.06441341 637 690 727 759
001085201025637 0.049788963 583 736 666 785
001085201025637 0.01415254 545 718 636 807
001085201025637 0.012732551 1000 426 1068 539
000844501022230 0.99818283 111 508 192 589
000844501022230 0.08221067 369 478 467 548
000021401013999 0.6637623 102 526 167 630
000021401013999 0.6069775 340 505 401 609
000021401013999 0.3364129 358 548 425 635
000021401013999 0.1720557 1721 375 1814 430
000021401013999 0.1633495 185 517 271 580
000021401013999 0.09175688 138 523 211 600
000021401013999 0.07819997 1658 470 1750 544
000021401013999 0.03928005 1708 669 1860 747
000021401013999 0.03679562 137 569 197 640
000021401013999 0.03463436 1536 388 1592 492
000021401013999 0.01969717 1754 399 1848 443
000021401013999 0.016287895 252 504 342 569
000021401013999 0.0141525585 431 496 525 553
000021401013999 0.01288865 1677 441 1748 499
000021401013999 0.010761831 1708 449 1780 514
000348901017274 0.76082754 267 484 380 534
000348901017274 0.410248 273 454 373 500
000348901017274 0.10451587 255 384 454 415
000348901017274 0.09056664 267 514 342 559
000348901017274 0.01207665 307 426 435 489
000348901017274 0.011474939 481 408 544 453
000348901017274 0.010768951 382 415 452 465
000776201021547 0.3097286 305 514 478 600
000776201021547 0.1721464 288 651 390 747
000776201021547 0.07408009 225 750 317 825
000776201021547 0.06506129 227 653 308 741
000776201021547 0.047950678 1938 457 1992 564
000776201021547 0.046048164 29 462 87 543
000776201021547 0.040724363 184 772 257 840
000430901018094 0.93023366 785 342 858 442
000430901018094 0.5355169 990 490 1069 546
000430901018094 0.23087403 999 516 1086 573
000430901018094 0.17308904 993 424 1075 485
000430901018094 0.15919377 1003 380 1080 429
000430901018094 0.10152152 1051 524 1122 593
000430901018094 0.068500854 861 535 933 614
000430901018094 0.054318357 814 473 894 576
000430901018094 0.05256404 878 494 952 580
000430901018094 0.04992099 1029 398 1101 453
000430901018094 0.04783785 983 333 1048 401
000430901018094 0.04735477 1036 443 1094 518
000430901018094 0.02178828 943 472 1023 547
000430901018094 0.020952147 811 533 895 635
000430901018094 0.014762406 64 384 129 445
000430901018094 0.010430567 819 330 907 415
000430901018094 0.010145126 851 461 922 551
006651101031914 0.59738654 965 484 1017 560
006651101031914 0.5623895 1075 485 1109 605
006651101031914 0.4050797 996 435 1058 553
006651101031914 0.3123055 1055 467 1102 539
006651101031914 0.24148498 1051 539 1095 619
006651101031914 0.20864871 932 573 1009 646
006651101031914 0.1859772 1087 460 1118 557
006651101031914 0.11616795 1029 550 1078 647
006651101031914 0.100798935 856 600 926 701
006651101031914 0.09472181 997 555 1053 650
006651101031914 0.08610307 1086 618 1121 702
006651101031914 0.0853788 236 545 326 603
006651101031914 0.08374516 406 438 482 516
006651101031914 0.08001967 1022 415 1086 525
006651101031914 0.064110674 1105 496 1136 599
006651101031914 0.052324764 1068 563 1108 689
006651101031914 0.04182795 918 491 993 599
006651101031914 0.025595559 998 504 1046 585
006651101031914 0.023019262 283 521 361 592
006651101031914 0.018577885 1032 481 1077 572
006651101031914 0.011192613 266 576 353 634
007814601029107 0.5682802 512 602 571 667
007814601029107 0.08396585 546 597 594 664
007814601029107 0.07176631 215 595 303 677
007814601029107 0.012799892 270 455 367 510
007082701030975 0.36034334 665 576 754 664
007082701030975 0.23431994 1124 372 1185 426
007082701030975 0.04376799 571 564 656 660
007082701030975 0.0134456325 755 378 842 439
008013601031097 0.94924694 1544 462 1626 542
008013601031097 0.88484955 1532 657 1604 727
008013601031097 0.87076855 1308 583 1372 692
008013601031097 0.25312057 1227 563 1296 665
008013601031097 0.25187892 1478 475 1576 533
008013601031097 0.11297075 676 419 777 476
008013601031097 0.0741904 1570 639 1644 729
008013601031097 0.051601905 1246 685 1315 771
008013601031097 0.016823487 1538 618 1611 692
007325601033545 0.13957633 220 516 299 615
007325601033545 0.13523701 127 506 172 608
007325601033545 0.099755004 305 552 418 614
007325601033545 0.06293366 92 451 155 528
007325601033545 0.043686397 324 502 414 568
007325601033545 0.036418073 465 402 557 488
007325601033545 0.021087848 175 511 241 611
007325601033545 0.02050217 515 497 560 612
007325601033545 0.017111514 1042 492 1133 568
007325601033545 0.011790159 404 421 466 504
000024501014030 0.98854584 66 568 129 670
000024501014030 0.10931154 944 520 1016 592
000024501014030 0.021186586 960 541 1058 619
000024501014030 0.012115671 933 575 1034 666
000024501014030 0.011223237 150 377 214 480
006928501034688 0.43376455 132 563 195 651
006928501034688 0.40275496 283 601 387 653
006928501034688 0.30651027 483 432 570 498
006928501034688 0.15057187 438 484 508 567
006928501034688 0.14792463 74 556 111 638
006928501034688 0.1339838 333 653 478 706
006928501034688 0.12187507 211 618 332 671
006928501034688 0.102503955 462 523 527 580
006928501034688 0.10106076 408 458 507 515
006928501034688 0.080529585 445 645 561 692
006928501034688 0.07381605 423 540 498 613
006928501034688 0.07237513 495 510 553 576
006928501034688 0.030716535 450 624 532 668
006928501034688 0.021327175 443 427 524 496
006928501034688 0.017661206 277 626 408 682
006928501034688 0.0154760005 475 462 546 552
006928501034688 0.011630078 155 547 234 625
006928501034688 0.010132376 114 575 158 660
000853201022317 0.956492 679 725 822 777
000853201022317 0.16289839 460 600 532 674
000853201022317 0.06862869 565 376 699 416
000853201022317 0.0327919 661 660 741 719
000853201022317 0.02857334 732 744 801 781
000853201022317 0.01974441 897 344 938 401
000853201022317 0.011832987 661 696 769 757
007520101031074 0.16634132 474 385 569 456
007520101031074 0.07632831 1791 334 1875 370
007520101031074 0.05999755 774 617 843 706
007520101031074 0.04576436 1661 355 1813 399
007520101031074 0.044332154 1834 432 1892 521
007520101031074 0.020948485 258 521 340 624
007520101031074 0.01477738 1710 331 1846 386
007520101031074 0.010671242 213 546 300 639
007520101031074 0.010374176 127 624 285 688
001084201025627 0.99594706 225 647 301 716
001084201025627 0.8500321 243 571 327 632
001084201025627 0.7877101 119 635 178 719
001084201025627 0.33795714 353 636 460 710
001084201025627 0.12198043 268 504 339 573
001084201025627 0.117834724 329 516 382 596
001084201025627 0.04152867 268 658 324 735
001084201025627 0.0109342225 240 604 323 686
006647401031877 0.039133906 814 511 887 608
006647401031877 0.012515492 862 534 914 651
006647401031877 0.010345016 866 500 924 578
001275801027543 0.96613276 999 602 1083 714
001275801027543 0.4551207 1056 601 1110 707
001275801027543 0.04626791 1300 593 1368 738
001275801027543 0.045657218 1217 575 1272 665
001275801027543 0.02848251 1019 561 1070 651
001275801027543 0.023509845 1237 612 1285 688
000609601019881 0.9926938 378 569 481 685
000609601019881 0.7562265 865 509 934 588
000609601019881 0.49508473 888 527 966 614
000609601019881 0.146552 1033 550 1141 645
000609601019881 0.0454464 906 503 986 570
000609601019881 0.038757935 435 610 503 716
000609601019881 0.029956741 438 675 509 812
000609601019881 0.023679392 781 613 847 693
000609601019881 0.013761295 824 662 914 747
000609601019881 0.013435711 1021 562 1092 618
006945401034857 0.31839204 1964 428 1997 521
006945401034857 0.1758143 1955 449 1983 553
006945401034857 0.114323825 830 527 906 669
006945401034857 0.10312374 1132 453 1184 569
006945401034857 0.03255098 1957 386 1997 462
006945401034857 0.02383728 957 738 1031 825
006945401034857 0.020818472 1943 478 1989 616
006945401034857 0.014318532 1164 447 1226 560
006945401034857 0.012905255 796 672 892 732
006945401034857 0.010881087 856 594 921 683
000127401015059 0.87301636 1368 490 1436 566
000127401015059 0.5997315 12 473 96 534
000127401015059 0.36836848 1 473 39 536
000127401015059 0.23357056 1891 538 1949 632
000127401015059 0.082792506 1414 497 1488 566
000127401015059 0.06743316 1917 620 1996 765
000127401015059 0.05080534 209 619 253 730
000127401015059 0.0400589 42 546 92 610
000127401015059 0.037266567 1844 565 1906 654
000127401015059 0.035529543 1803 570 1874 664
000127401015059 0.034884475 31 505 98 584
000127401015059 0.03124779 1922 538 1980 652
000127401015059 0.022776995 1784 609 1846 681
000127401015059 0.019929653 106 548 157 680
000127401015059 0.012369248 3 450 66 508
000198401015769 0.98972195 200 434 296 513
000198401015769 0.94350505 85 586 167 669
000198401015769 0.43342638 58 644 174 712
000198401015769 0.28752905 94 531 156 632
000198401015769 0.26511073 122 438 204 502
000198401015769 0.19756567 101 689 231 749
000198401015769 0.14198305 235 759 385 819
000198401015769 0.11610037 54 422 110 500
000198401015769 0.02905634 65 594 119 655
000198401015769 0.018625127 278 592 412 665
007432601030199 0.7794028 172 682 261 756
007432601030199 0.016966658 196 740 350 801
007468401030557 0.39928985 97 459 171 512
007468401030557 0.21429257 407 386 502 452
007468401030557 0.06743894 257 402 323 468
007160401031788 0.95736825 175 657 316 738
007160401031788 0.6638361 654 511 716 603
007160401031788 0.17605507 1477 648 1564 729
007160401031788 0.17109056 1556 671 1613 776
007160401031788 0.15942024 1334 654 1430 725
007160401031788 0.14519364 908 477 1083 533
007160401031788 0.06710341 1366 629 1473 705
007160401031788 0.032918192 1298 702 1393 783
007160401031788 0.031167472 1459 606 1548 686
007160401031788 0.030160295 1515 671 1589 757
007160401031788 0.029916583 129 604 216 687
007160401031788 0.020538453 665 489 751 557
007160401031788 0.014376591 1428 672 1503 740
007160401031788 0.013867077 1525 616 1596 718
006705901032462 0.6183806 176 585 243 666
006705901032462 0.3294459 392 679 568 722
006705901032462 0.21203151 167 457 284 509
006705901032462 0.14866966 232 552 322 613
006705901032462 0.06096956 516 528 575 612
006705901032462 0.02439384 166 483 267 536
006705901032462 0.023537776 437 500 528 553
006705901032462 0.012161415 348 487 419 546
000998601023771 0.9298745 231 472 329 539
000998601023771 0.49231395 347 580 389 672
000998601023771 0.3509214 457 583 524 651
000998601023771 0.11344873 338 479 386 590
000998601023771 0.10012554 451 617 501 690
000998601023771 0.04899321 371 590 407 698
000998601023771 0.03848757 389 612 425 691
000998601023771 0.02326833 269 509 321 608
000998601023771 0.019614901 431 616 471 711
000998601023771 0.01616582 312 570 370 697
000998601023771 0.01162572 219 446 332 497
007195001032153 0.95751274 54 544 145 606
007288301033149 0.74644136 774 563 811 645
007288301033149 0.45416456 729 606 783 718
007288301033149 0.41656116 790 584 829 655
007288301033149 0.2944852 751 545 792 665
007288301033149 0.25402617 732 675 816 734
007288301033149 0.073521845 758 613 807 712
007288301033149 0.06857257 726 572 766 646
007728501033158 0.23216987 319 617 360 690
007728501033158 0.11531951 323 662 355 735
007728501033158 0.10649108 158 698 227 751
007728501033158 0.07798232 280 653 324 724
007728501033158 0.046151225 238 696 296 757
007728501033158 0.023120895 54 522 115 598
007728501033158 0.013033777 294 665 346 762
007126601031428 0.87180173 521 523 546 605
007126601031428 0.7056174 535 508 564 603
007126601031428 0.41519186 468 465 520 527
007126601031428 0.27868754 345 510 443 611
007126601031428 0.19614579 172 628 258 708
007126601031428 0.19065645 472 573 535 656
007126601031428 0.024760203 502 478 541 586
007138601031555 0.75576824 232 601 299 672
007138601031555 0.33086273 666 530 748 614
007138601031555 0.23286091 140 510 191 580
007138601031555 0.18050346 211 641 293 708
007138601031555 0.17857377 125 474 211 526
007138601031555 0.16216275 271 685 352 732
007138601031555 0.10747257 108 492 162 574
007138601031555 0.0681333 188 667 260 748
007138601031555 0.04161872 812 395 869 485
007138601031555 0.03440767 143 556 219 619
007138601031555 0.032700773 263 631 358 719
007138601031555 0.01869331 166 481 228 556
007138601031555 0.017973075 159 646 222 735
007138601031555 0.017067127 755 444 826 533
007138601031555 0.013009966 195 590 258 659
007138601031555 0.010537475 731 501 793 562
007198001032185 0.97776437 261 468 366 582
007198001032185 0.07136666 927 557 1007 630
007198001032185 0.03618986 327 508 377 583
007198001032185 0.017077785 970 510 1031 616
007468901030562 0.6286229 1929 623 1986 739
007468901030562 0.16815989 1789 482 1878 541
007468901030562 0.14000241 795 691 880 771
007468901030562 0.10285366 1813 455 1913 514
007468901030562 0.06910517 848 600 918 698
007468901030562 0.03508438 697 435 787 490
007468901030562 0.032283958 903 664 946 732
007468901030562 0.027757483 1921 350 1991 411
007468901030562 0.02770681 887 617 949 706
007468901030562 0.015110107 1834 423 1914 474
007468901030562 0.015039386 1858 434 1948 501
007468901030562 0.013505681 853 660 911 751
007468901030562 0.0129123395 1808 605 1874 678
007468901030562 0.012378211 796 463 883 539
001373001028515 0.8161387 376 564 453 679
001373001028515 0.6004046 220 477 328 520
001373001028515 0.5118097 357 541 422 640
001373001028515 0.23709215 407 601 494 701
001373001028515 0.17994839 415 527 470 645
001373001028515 0.17993489 303 542 366 633
001373001028515 0.14185283 356 638 455 698
001373001028515 0.07047628 295 501 358 555
001373001028515 0.03177969 193 625 251 715
001373001028515 0.024795048 210 543 261 651
001373001028515 0.02223244 435 512 488 599
001373001028515 0.020673696 213 491 295 557
001373001028515 0.019919295 293 466 372 519
001373001028515 0.015015565 386 517 448 614
001373001028515 0.011857505 411 486 469 574
000028901014074 0.93672097 152 581 194 681
000028901014074 0.83658576 174 565 223 671
000028901014074 0.6833814 198 513 240 636
000028901014074 0.40137705 339 624 399 712
000028901014074 0.31931642 132 605 175 708
000028901014074 0.054611832 273 469 325 557
000028901014074 0.031937722 362 519 404 619
000028901014074 0.02774886 217 513 272 606
000028901014074 0.024521653 109 615 153 720
000028901014074 0.023754334 381 641 418 721
007755401033427 0.91749287 1650 575 1811 624
007755401033427 0.7713541 671 687 748 811
007755401033427 0.5501742 1695 603 1796 646
007755401033427 0.3753898 1596 546 1695 605
007755401033427 0.2696379 1774 517 1846 599
007755401033427 0.26912075 1729 537 1815 611
007755401033427 0.13075456 1297 478 1366 548
007755401033427 0.08696263 1150 596 1282 664
007755401033427 0.0814105 170 690 265 758
007755401033427 0.03372639 728 681 795 785
007755401033427 0.02340017 580 400 692 453
007755401033427 0.018633395 1664 727 1726 795
007755401033427 0.017307239 1353 460 1416 535
007755401033427 0.010327674 1270 500 1359 605
000350901017294 0.3605776 268 514 349 620
000350901017294 0.27654272 367 516 444 588
000350901017294 0.12493323 319 557 417 624
000350901017294 0.10995122 941 338 1012 410
000350901017294 0.10708979 940 451 1031 524
000350901017294 0.06789156 810 407 884 505
000350901017294 0.055189632 887 342 967 405
000350901017294 0.050152764 916 358 988 436
000350901017294 0.03634078 909 323 1010 371
000350901017294 0.031096263 851 356 921 417
000350901017294 0.030431708 347 585 435 653
000350901017294 0.029127598 907 395 1010 472
000350901017294 0.014347087 973 411 1052 498
000350901017294 0.013975101 970 360 1039 431
006999301030098 0.8609745 132 495 234 580
006999301030098 0.5251093 60 504 118 589
006999301030098 0.31972215 506 560 575 682
006999301030098 0.11421224 3 475 41 590
006999301030098 0.013523483 6 402 43 525
000294101016726 0.985225 73 530 130 653
000294101016726 0.9238281 99 552 146 628
000294101016726 0.16077763 105 574 177 660
000294101016726 0.022219982 333 618 419 740
000294101016726 0.015543239 245 530 315 602
006715401010955 0.27605644 394 433 492 486
006715401010955 0.20426852 462 509 532 609
006715401010955 0.16452643 360 400 482 466
006715401010955 0.08330846 424 467 515 534
006715401010955 0.06770374 240 593 291 713
006715401010955 0.033160906 209 592 266 721
006715401010955 0.010440396 501 530 570 634
006715401010955 0.010380024 356 455 452 517
006771601033119 0.49909544 1522 661 1617 734
006771601033119 0.2859909 1497 718 1577 822
006771601033119 0.09043231 181 576 232 648
006771601033119 0.037078373 1260 731 1423 793
006771601033119 0.03187865 206 561 254 670
006771601033119 0.025157746 1509 801 1630 861
006771601033119 0.020195182 184 644 248 748
006771601033119 0.019370938 163 553 212 686
006771601033119 0.019331131 788 634 929 689
006771601033119 0.016685212 704 870 866 922
006771601033119 0.01184344 983 646 1055 739
006771601033119 0.010474798 1557 694 1639 783
006605501031458 0.8098744 113 561 185 654
006605501031458 0.549541 1094 459 1170 530
006605501031458 0.3945536 1050 448 1135 516
006605501031458 0.3926006 801 475 894 522
006605501031458 0.19494858 868 489 939 548
006605501031458 0.15523425 343 566 489 625
006605501031458 0.0280294 1314 509 1368 604
006605501031458 0.027462855 1085 497 1155 557
006605501031458 0.02502871 261 583 371 645
006605501031458 0.016333086 1028 491 1097 580
006605501031458 0.014279477 1654 626 1733 702
006605501031458 0.012012895 155 575 211 648
007870701029668 0.9842188 1119 322 1278 350
007870701029668 0.9466941 1122 336 1256 367
007870701029668 0.52500826 1121 358 1219 393
007870701029668 0.31492615 1188 401 1302 451
007870701029668 0.23964794 1095 373 1185 431
007870701029668 0.18820184 1190 341 1299 387
007870701029668 0.048864502 739 625 785 736
007870701029668 0.027432729 1080 336 1183 385
007870701029668 0.022105841 1188 366 1283 402
007870701029668 0.020275975 1211 382 1309 423
007870701029668 0.017853506 125 624 208 751
007870701029668 0.011990443 760 618 810 711
000495801018743 0.7198483 480 589 532 707
000495801018743 0.19414699 262 595 317 665
000495801018743 0.19182774 417 540 460 617
000495801018743 0.10248615 450 608 503 722
007832201029283 0.5023406 1375 335 1540 402
007832201029283 0.34830976 784 505 839 588
007832201029283 0.270498 150 698 218 767
007832201029283 0.25423595 1447 534 1536 603
007832201029283 0.20177202 743 503 817 568
007832201029283 0.094508216 176 592 231 691
007832201029283 0.035966255 1432 451 1510 503
007832201029283 0.018082635 1521 437 1615 491
007832201029283 0.014101796 1934 622 1975 749
007832201029283 0.011531296 407 563 473 699
007832201029283 0.0110495025 933 558 999 627
007832201029283 0.010013902 1964 630 1998 738
006674201032145 0.7968297 951 510 1124 542
006674201032145 0.7418742 328 596 425 690
006674201032145 0.30769035 975 529 1112 564
006674201032145 0.11944741 243 514 321 595
006674201032145 0.065731876 957 489 1099 526
006674201032145 0.043626208 310 579 395 635
006674201032145 0.029472668 257 498 360 559
006674201032145 0.024511013 300 626 393 670
006674201032145 0.016890697 193 646 317 688
006674201032145 0.014049657 1031 504 1148 569
006674201032145 0.010258483 209 607 293 657
000495701018742 0.9988393 197 758 353 810
000495701018742 0.79954684 218 601 288 660
000495701018742 0.31527746 1 466 39 527
000495701018742 0.10118333 229 582 335 641
000495701018742 0.10112389 64 603 138 670
000495701018742 0.03695871 402 469 467 524
000495701018742 0.031554908 171 513 267 582
000495701018742 0.02100964 271 628 360 698
000495701018742 0.013383975 379 613 431 691
007066901030812 0.7344847 1665 519 1713 615
007066901030812 0.57767767 1630 516 1676 600
007066901030812 0.56323355 849 482 917 558
007066901030812 0.42954317 1128 438 1176 522
007066901030812 0.39960644 1102 416 1147 510
007066901030812 0.17888367 1604 492 1641 607
007066901030812 0.1700785 907 486 976 567
007066901030812 0.04619422 772 427 828 522
007066901030812 0.042286515 1048 303 1133 343
007066901030812 0.024838747 1143 387 1189 498
007066901030812 0.020938326 1101 341 1164 391
007066901030812 0.020727066 1570 488 1616 620
007066901030812 0.015988369 1119 378 1177 443
007066901030812 0.012689742 1900 443 1954 517
007066901030812 0.012078562 1594 448 1651 554
007066901030812 0.010799223 161 472 201 587
007066901030812 0.01033298 1938 450 1982 516
006847401033877 0.95572144 968 604 1045 677
006847401033877 0.883054 1170 517 1223 632
006847401033877 0.78728676 979 579 1070 641
006847401033877 0.5828687 275 715 465 775
006847401033877 0.55972445 1018 631 1102 673
006847401033877 0.28936115 464 530 585 605
006847401033877 0.22457178 149 700 334 740
006847401033877 0.17184983 1148 546 1191 633
006847401033877 0.1647546 1056 699 1165 737
006847401033877 0.16030192 714 707 780 772
006847401033877 0.13937387 1058 625 1145 682
006847401033877 0.13623877 1019 606 1099 649
006847401033877 0.09187807 1046 661 1132 703
006847401033877 0.06447659 443 664 556 743
006847401033877 0.058530573 963 654 1044 707
006847401033877 0.032522492 1064 680 1153 719
006847401033877 0.031786438 710 597 797 691
000738301021168 0.9966168 866 722 940 858
000738301021168 0.22249685 149 385 227 488
000738301021168 0.13180722 699 663 774 765
000738301021168 0.07691334 760 348 833 444
000738301021168 0.063667394 605 488 686 575
000738301021168 0.03428125 663 441 724 549
000738301021168 0.016976673 321 397 402 460
000738301021168 0.014680669 698 492 766 628
000738301021168 0.013699191 189 373 259 462
000738301021168 0.01339709 693 458 755 551
000738301021168 0.012109024 322 433 412 514
000738301021168 0.011386599 256 412 319 515
007030201030421 0.82586575 785 293 895 345
007030201030421 0.5679906 54 489 114 631
007030201030421 0.12902461 214 393 289 466
007030201030421 0.051408235 869 526 951 594
007030201030421 0.038735818 861 594 933 682
007030201030421 0.03299311 794 482 895 542
007030201030421 0.025090877 514 434 604 496
007030201030421 0.0129674 874 563 973 638
007030201030421 0.011122412 773 318 872 379
006486001008661 0.9802399 93 767 160 887
006486001008661 0.78278154 806 417 894 472
006486001008661 0.7044636 678 444 735 566
006486001008661 0.25101745 649 458 701 599
006486001008661 0.13286062 96 547 202 607
006486001008661 0.044884816 850 405 929 486
006486001008661 0.044320483 839 441 906 531
006486001008661 0.040586315 804 381 898 437
006486001008661 0.02726207 712 445 769 539
006486001008661 0.022210423 782 405 846 487
006486001008661 0.021375265 860 491 908 596
006486001008661 0.010299602 148 501 246 573
006703201032435 0.98352677 819 809 910 858
006703201032435 0.57520616 707 513 792 593
006703201032435 0.3840935 714 702 818 756
006703201032435 0.2086118 822 719 913 802
006703201032435 0.11846749 1045 640 1110 735
006703201032435 0.025535557 810 530 897 618
006703201032435 0.019366562 784 794 884 837
006703201032435 0.016461773 739 731 833 770
006703201032435 0.015259975 686 650 790 722
006703201032435 0.0111318445 835 772 922 828
006848801033891 0.9155231 322 551 392 642
006848801033891 0.0739364 501 472 563 542
006848801033891 0.050162345 448 567 532 620
006848801033891 0.036069687 417 643 493 720
006848801033891 0.033635788 548 555 593 625
006516701028128 0.24820267 761 544 866 590
006516701028128 0.030912269 828 498 928 572
006516701028128 0.02096296 721 326 823 392
000657301020358 0.9291495 150 598 265 667
000657301020358 0.7206934 131 684 202 796
000657301020358 0.5801904 212 563 325 631
000657301020358 0.5354808 183 473 274 527
000657301020358 0.31655106 273 562 361 661
000657301020358 0.2118072 212 601 284 705
000657301020358 0.17851488 129 587 197 706
000657301020358 0.14488868 149 545 284 611
000657301020358 0.11441359 286 504 358 585
000657301020358 0.103063494 192 504 316 557
000657301020358 0.017094713 139 501 220 574
000657301020358 0.010003696 325 548 371 701
006977301035176 0.8937021 197 399 320 445
006977301035176 0.2394185 515 557 560 640
006977301035176 0.108554944 537 528 578 639
006977301035176 0.08377349 409 628 497 667
006977301035176 0.057459697 312 582 407 631
006977301035176 0.031349443 312 402 421 443
006977301035176 0.030456064 314 433 429 502
006977301035176 0.024605516 389 537 471 602
000201301015798 0.5836942 322 555 399 614
000201301015798 0.5597594 282 519 358 585
000201301015798 0.20349886 411 781 449 864
000854001022325 0.977468 524 764 569 867
000854001022325 0.018394582 553 761 591 862
001162201026407 0.69093484 1551 441 1625 526
001162201026407 0.4442214 1519 613 1660 669
001162201026407 0.3185376 599 423 659 536
001162201026407 0.1662445 1443 435 1535 499
001162201026407 0.14502223 1573 388 1707 435
001162201026407 0.13432397 1523 387 1645 458
001162201026407 0.07896239 1555 584 1651 644
001162201026407 0.069658734 1501 443 1591 516
001162201026407 0.05917621 1506 508 1596 591
001162201026407 0.026990077 740 695 821 817
001162201026407 0.025087554 1472 589 1565 652
001162201026407 0.022631342 1593 619 1676 701
001162201026407 0.02055329 1545 730 1663 806
001162201026407 0.017749656 576 406 633 493
001162201026407 0.014768885 1569 413 1653 490
000570001019485 0.91333586 357 586 423 698
000570001019485 0.84426504 737 494 808 549
000570001019485 0.7052446 813 397 929 457
000570001019485 0.51162195 1145 512 1254 554
000570001019485 0.4583176 1090 451 1192 524
000570001019485 0.31461823 330 608 392 688
000570001019485 0.28560358 1113 529 1267 581
000570001019485 0.19210753 753 520 824 582
000570001019485 0.15844811 714 492 781 614
000570001019485 0.09676088 1144 561 1256 602
000570001019485 0.06448779 1141 460 1224 512
000570001019485 0.051510435 779 381 862 458
000570001019485 0.038638685 1247 423 1328 487
000570001019485 0.03565867 1278 580 1366 622
000570001019485 0.03098134 1594 385 1697 452
000570001019485 0.028668016 394 592 449 682
000570001019485 0.02239474 1172 441 1240 493
000570001019485 0.021170426 864 427 960 478
000570001019485 0.0193264 839 445 922 500
000570001019485 0.019152438 1198 578 1298 621
000570001019485 0.010036324 1270 452 1348 520
007292501033193 0.63778496 105 337 174 438
007292501033193 0.33157313 460 421 514 505
007292501033193 0.26751494 1465 773 1532 825
007292501033193 0.19690792 837 450 912 520
007292501033193 0.18654475 679 377 739 493
007292501033193 0.14705667 930 406 1004 497
007292501033193 0.11205088 883 373 950 463
007292501033193 0.08793998 77 378 149 501
007292501033193 0.08095174 723 377 778 484
007292501033193 0.06275495 1455 746 1511 807
007292501033193 0.054104257 1482 788 1559 847
007292501033193 0.05409949 401 520 467 601
007292501033193 0.04689689 77 469 149 568
007292501033193 0.041107528 824 405 887 492
007292501033193 0.03243443 269 480 326 552
007292501033193 0.030694388 1368 630 1534 674
007292501033193 0.027937949 791 526 877 595
007292501033193 0.027747188 446 507 493 594
007292501033193 0.025893217 692 423 747 561
007292501033193 0.020376662 755 514 826 606
007292501033193 0.019912207 274 416 336 506
007292501033193 0.018707464 46 434 114 534
007292501033193 0.01681706 136 338 221 418
007292501033193 0.015883964 438 459 492 547
007292501033193 0.015569805 313 430 373 515
007292501033193 0.014823882 378 403 438 476
007292501033193 0.014206669 66 551 175 619
007292501033193 0.014188384 648 402 715 537
007292501033193 0.013887567 113 419 180 484
007292501033193 0.013548543 806 449 868 523
007292501033193 0.011273214 414 417 481 503
007292501033193 0.0110513475 469 494 522 583
007292501033193 0.010246841 757 371 834 482
001382601028611 0.90877485 44 669 107 766
001382601028611 0.7490143 200 491 253 592
001382601028611 0.28832793 282 478 366 549
001382601028611 0.057017755 344 501 402 590
001382601028611 0.024929205 170 493 225 612
001225501027040 0.9954276 350 593 404 741
001225501027040 0.2063527 811 697 915 773
001225501027040 0.09682586 682 545 766 614
001225501027040 0.0718527 912 462 980 533
001225501027040 0.07160152 956 610 992 729
001225501027040 0.035728563 889 443 965 498
001225501027040 0.017327549 959 482 1001 613
006651001031913 0.7648042 253 496 453 570
006651001031913 0.24117623 313 463 479 518
006651001031913 0.12877795 53 371 126 429
006651001031913 0.029903067 430 404 547 455
006651001031913 0.025816565 1405 504 1450 616
006651001031913 0.025356174 1421 507 1497 583
006651001031913 0.014809988 78 387 193 443
006651001031913 0.01111166 1522 498 1581 576
006651001031913 0.011073821 366 487 504 549
007738401033257 0.76392174 153 498 217 625
007738401033257 0.38663468 100 506 132 652
007738401033257 0.28615096 122 530 162 641
007738401033257 0.2789694 143 542 184 626
007738401033257 0.25615206 549 374 616 496
007738401033257 0.2119179 197 511 243 628
007738401033257 0.106297806 588 523 693 624
007738401033257 0.022000022 132 600 176 703
007738401033257 0.010918386 604 468 666 580
000342001017205 0.6101073 1714 540 1762 643
000342001017205 0.49129957 1738 549 1784 659
000342001017205 0.47956952 1540 556 1601 692
000342001017205 0.3091416 1592 584 1695 711
000342001017205 0.248277 1673 501 1746 595
000342001017205 0.1982357 1645 612 1713 683
000342001017205 0.15519322 1590 506 1650 604
000342001017205 0.13435487 1633 498 1708 567
000342001017205 0.12516975 1676 583 1746 670
000342001017205 0.06427046 1586 551 1644 667
000342001017205 0.05476514 1928 535 1997 623
000342001017205 0.035094645 1773 564 1821 683
000342001017205 0.03368593 1618 473 1692 532
000342001017205 0.020083357 1636 534 1701 610
000342001017205 0.015967382 1883 450 1957 532
000571801019503 0.7964462 1543 489 1612 562
000571801019503 0.7093632 1475 505 1563 583
000571801019503 0.49234608 1561 534 1695 571
000571801019503 0.20544977 1584 555 1719 594
000571801019503 0.1612484 1560 511 1672 551
000571801019503 0.108653076 1323 466 1396 536
000571801019503 0.081186146 1301 434 1383 504
000571801019503 0.056384157 858 383 931 426
000571801019503 0.05103489 888 352 982 411
000571801019503 0.04724631 919 342 1041 392
000571801019503 0.03692564 1412 514 1517 582
000571801019503 0.033494662 1507 471 1588 540
000571801019503 0.012598253 884 390 975 449
006728001032683 0.53398734 1644 536 1722 576
006728001032683 0.53280914 1530 563 1598 648
006728001032683 0.25274128 1682 581 1766 646
006728001032683 0.23822804 1621 521 1703 560
006728001032683 0.17555594 1717 545 1783 611
006728001032683 0.16344912 1601 534 1688 591
006728001032683 0.100992106 1724 591 1811 664
006728001032683 0.08652456 1500 540 1578 616
006728001032683 0.083776906 1156 512 1241 576
006728001032683 0.06928489 1145 432 1236 498
006728001032683 0.053545263 1520 611 1612 667
006728001032683 0.048952047 1721 471 1805 550
006728001032683 0.02153132 592 475 660 546
006728001032683 0.016686378 1676 558 1739 604
006728001032683 0.015087565 1014 451 1083 556
006728001032683 0.014551762 1695 518 1766 588
006728001032683 0.014364346 600 519 692 593
006728001032683 0.013959266 1176 456 1258 540
006728001032683 0.013149945 1695 657 1806 724
001315401027939 0.45993564 1834 541 1905 630
001315401027939 0.18772666 1806 352 1878 412
001315401027939 0.17228109 1827 420 1898 519
001315401027939 0.10773428 1799 497 1859 622
001315401027939 0.097550824 1537 541 1613 634
001315401027939 0.09709862 1768 451 1826 525
001315401027939 0.03021367 1747 361 1840 437
001315401027939 0.027430013 1799 445 1854 515
001315401027939 0.020145576 1863 483 1920 617
001315401027939 0.012746058 1869 412 1916 537
001177901026564 0.94667655 289 692 425 742
001177901026564 0.6529893 305 770 400 815
001177901026564 0.1362584 211 687 328 730
001177901026564 0.10000905 191 735 288 771
001177901026564 0.029013189 307 713 385 753
001177901026564 0.0259238 99 646 172 687
001177901026564 0.01570367 216 704 303 761
001177901026564 0.015126806 93 685 155 767
001177901026564 0.013240883 151 644 210 692
000127501015060 0.9986601 423 465 483 577
000127501015060 0.5608818 1067 573 1117 688
000127501015060 0.3476893 1028 639 1100 700
000127501015060 0.17013933 457 460 506 584
000127501015060 0.13266109 869 602 927 685
000127501015060 0.0914491 992 520 1061 574
000127501015060 0.063532434 1051 557 1099 636
000127501015060 0.029232653 962 510 1016 579
000127501015060 0.0179262 546 550 600 671
000127501015060 0.013042813 1015 583 1080 666
000127501015060 0.012245179 1016 540 1070 610
000127501015060 0.011751121 967 527 1032 652
006456301027524 0.90834975 572 724 682 781
006456301027524 0.7134931 1264 426 1389 462
006456301027524 0.5567337 522 712 581 776
006456301027524 0.39067483 543 698 629 770
006456301027524 0.33598024 1284 463 1373 503
006456301027524 0.20145826 1235 448 1388 484
006456301027524 0.15908526 1468 535 1522 630
006456301027524 0.14936528 443 750 531 787
006456301027524 0.11442601 902 524 1005 607
006456301027524 0.057034433 496 748 577 786
006456301027524 0.049138226 595 671 669 764
006456301027524 0.040365446 428 719 516 771
006456301027524 0.03349089 1588 352 1633 419
006456301027524 0.028944248 1851 608 1911 713
006456301027524 0.027021948 830 578 905 659
006456301027524 0.026642453 1275 478 1413 530
006456301027524 0.025971597 425 776 515 811
006456301027524 0.020916007 1736 318 1912 356
006456301027524 0.018758513 476 638 559 704
006456301027524 0.01563653 1632 435 1705 518
006456301027524 0.011510649 836 546 956 613
007177001031964 0.51957643 1043 425 1132 500
007177001031964 0.49621022 542 350 639 405
007177001031964 0.29484853 458 584 549 661
007177001031964 0.2561049 892 445 985 500
007177001031964 0.19978878 594 367 655 421
007177001031964 0.13429847 902 406 984 464
007177001031964 0.09214172 572 475 651 542
007177001031964 0.079957254 983 420 1082 489
007177001031964 0.07477459 452 345 562 393
007177001031964 0.07137346 1010 459 1087 545
007177001031964 0.053804267 501 375 610 423
007177001031964 0.048713304 1004 534 1088 616
007177001031964 0.029804997 96 615 194 681
007177001031964 0.015632015 966 475 1056 529
007177001031964 0.010357985 804 524 884 592
000351101017296 0.97394854 234 593 377 646
000351101017296 0.021532757 370 600 486 652
000351101017296 0.019919835 128 533 213 602
007995901030920 0.88209075 707 505 799 620
007995901030920 0.17519984 1285 373 1373 449
007995901030920 0.061804805 1208 398 1285 441
007995901030920 0.021326752 1243 376 1328 436
007995901030920 0.019526172 763 548 847 617
007995901030920 0.015303795 1244 348 1321 397
006535401028315 0.6733582 430 611 516 738
006535401028315 0.5182125 62 578 116 690
006535401028315 0.122237496 277 401 399 460
006535401028315 0.049360495 990 632 1059 696
006535401028315 0.037643895 882 583 962 678
006535401028315 0.036561303 337 715 387 833
006535401028315 0.035084166 326 417 456 482
006535401028315 0.024379216 399 649 464 780
006535401028315 0.019077687 389 438 465 520
006535401028315 0.01762746 634 492 704 564
006535401028315 0.010829588 849 568 909 642
007841501029376 0.60924685 409 535 464 614
007841501029376 0.2591146 447 512 516 588
007841501029376 0.25629365 399 483 457 581
007841501029376 0.21469706 457 587 503 679
007396701029840 0.5595185 496 755 632 808
007396701029840 0.03827852 637 387 712 461
007396701029840 0.014333991 78 473 166 592
000275701016542 0.981344 712 415 802 505
000275701016542 0.5979004 448 463 510 642
000275701016542 0.14591137 584 367 686 449
000275701016542 0.12541154 103 856 255 903
000275701016542 0.11364663 672 414 747 481
000275701016542 0.09107209 534 380 597 448
000275701016542 0.06810809 643 382 724 449
000275701016542 0.052826118 673 451 752 534
000275701016542 0.029019065 89 764 169 837
006934601034749 0.8916986 881 459 960 586
006934601034749 0.044643585 103 681 195 743
000815601021941 0.96663153 343 492 410 549
000815601021941 0.2009005 537 618 616 680
000815601021941 0.17707136 319 449 378 560
000815601021941 0.062114924 104 427 140 539
000815601021941 0.033926345 509 611 580 663
000815601021941 0.021516 431 667 498 748
000815601021941 0.01813637 261 628 345 705
000815601021941 0.014185362 444 432 516 497
006836901033772 0.960528 1437 517 1498 615
006836901033772 0.1552632 822 476 891 598
006836901033772 0.15466125 1446 655 1503 794
006836901033772 0.06776557 1413 681 1482 771
006836901033772 0.03476076 1442 578 1487 666
006836901033772 0.03331067 590 401 677 517
006836901033772 0.024299806 465 683 566 750
006836901033772 0.01896429 1386 658 1454 752
006836901033772 0.010208538 1465 569 1510 721
000520001018985 0.66246533 495 582 577 637
000520001018985 0.45903265 522 560 617 624
000520001018985 0.21188419 1801 553 1884 664
000520001018985 0.13908325 1832 542 1916 623
000520001018985 0.12713572 1940 420 1983 559
000520001018985 0.10516312 1936 353 1986 441
000520001018985 0.043930687 1922 503 1971 611
000520001018985 0.03510498 1882 522 1950 603
000520001018985 0.025105825 1834 599 1919 672
000520001018985 0.023116348 677 556 786 668
000520001018985 0.0218819 1887 564 1971 644
000520001018985 0.020504683 535 591 623 668
000520001018985 0.017205235 638 598 749 653
001167301026458 0.8602116 70 468 132 613
001167301026458 0.7540305 966 352 1037 426
001167301026458 0.15801036 901 366 1005 427
001167301026458 0.09908193 442 443 523 510
001167301026458 0.0628464 478 455 571 515
001167301026458 0.058109175 871 381 953 462
001167301026458 0.028369594 504 694 678 749
001167301026458 0.023412518 839 412 917 504
001167301026458 0.01956541 434 502 504 561
001167301026458 0.010649868 667 405 720 488
000335001017135 0.6657059 98 855 140 903
000335001017135 0.5867373 22 538 50 578
000335001017135 0.254339 0 654 12 688
000335001017135 0.15004435 82 802 153 842
000335001017135 0.10625871 0 442 16 486
000335001017135 0.09890348 0 699 15 737
000335001017135 0.09490959 45 762 111 802
000335001017135 0.05427198 0 668 15 719
000335001017135 0.0476528 9 464 75 492
000335001017135 0.04514692 17 550 41 603
000335001017135 0.040893253 176 533 205 572
000335001017135 0.024748554 0 430 20 457
000335001017135 0.019933706 0 835 9 868
000335001017135 0.017229393 0 782 16 809
000335001017135 0.01582102 1 599 22 633
000335001017135 0.01178245 12 523 36 573
000537801019163 0.97748715 479 550 531 636
000537801019163 0.40619516 553 333 635 379
000537801019163 0.056934115 530 460 594 539
000537801019163 0.019686494 587 349 674 395
007782701033700 0.6551518 617 573 683 703
007782701033700 0.5745866 285 697 342 790
007782701033700 0.4006425 543 371 617 448
007782701033700 0.16929248 665 574 717 682
007782701033700 0.040362153 534 507 609 605
007782701033700 0.011607193 556 408 636 481
001061001025395 0.26112586 154 539 208 610
001061001025395 0.017412698 136 597 224 659
006619401009995 0.5678368 937 562 1021 644
006619401009995 0.35701942 535 493 689 554
006619401009995 0.30899388 560 677 648 746
006619401009995 0.10963789 1325 479 1378 576
006619401009995 0.061207477 1003 414 1092 452
006619401009995 0.02998138 1197 486 1261 590
006619401009995 0.026937863 549 722 653 807
006619401009995 0.02001259 600 641 683 725
006619401009995 0.017351223 1004 527 1097 586
006619401009995 0.016260877 601 710 694 786
006619401009995 0.0123670995 953 607 1049 663
006619401009995 0.010734088 1222 424 1291 558
006619401009995 0.010224461 975 398 1088 433
007209101032300 0.73365176 1590 619 1742 671
007209101032300 0.55548227 911 608 1047 677
007209101032300 0.17189762 881 551 964 629
007209101032300 0.119768545 1633 598 1775 650
007209101032300 0.09804145 491 779 613 851
007209101032300 0.067431726 1617 646 1745 698
007209101032300 0.046428747 1011 624 1095 676
007209101032300 0.027398651 802 518 885 603
007209101032300 0.011350884 482 603 569 678
007209101032300 0.010859941 986 571 1077 659
006556501028526 0.14034672 1799 497 1850 605
006556501028526 0.027111242 1828 495 1873 621
006556501028526 0.010072518 736 454 820 532
006497801008779 0.8276157 165 484 283 523
006497801008779 0.36066273 514 494 603 540
006497801008779 0.06729734 217 471 276 509
007453801030411 0.27563706 1000 454 1091 548
007453801030411 0.22096537 1048 529 1177 610
007453801030411 0.13107076 1037 496 1138 574
007453801030411 0.07241632 1508 447 1602 515
007453801030411 0.033095986 1603 428 1697 487
007453801030411 0.026158558 233 385 333 453
007453801030411 0.025699863 1603 528 1677 582
007453801030411 0.018862085 191 648 282 714
007453801030411 0.015984595 709 691 813 771
007453801030411 0.015930705 139 586 238 667
000132801015113 0.78712904 1433 416 1524 482
000132801015113 0.7273607 1075 709 1137 801
000132801015113 0.22918679 1131 771 1209 840
000132801015113 0.14812952 1039 823 1122 872
000132801015113 0.07377017 1112 713 1175 802
000132801015113 0.07218501 1405 427 1474 482
000132801015113 0.060775034 1054 674 1093 804
000132801015113 0.045036364 1093 671 1147 760
000132801015113 0.024334423 1426 399 1511 445
000132801015113 0.021045303 1412 508 1491 576
000132801015113 0.020676995 1147 633 1209 741
000132801015113 0.018801408 1428 442 1502 539
000132801015113 0.016395755 1091 795 1176 838
000645001020235 0.9475812 312 396 406 456
007231501032540 0.7306708 409 525 455 628
007231501032540 0.58625954 916 413 988 523
007231501032540 0.27853718 416 485 476 576
007231501032540 0.17150062 1005 460 1076 569
007231501032540 0.116648465 970 428 1036 533
007231501032540 0.054391775 434 528 477 653
007231501032540 0.02783399 223 399 283 453
007231501032540 0.025350243 1106 379 1149 439
007231501032540 0.02020636 1065 382 1130 441
007231501032540 0.015521716 452 499 496 623
007231501032540 0.01491998 386 485 443 595
007231501032540 0.012573221 195 410 257 504
006860201034005 0.8568059 283 478 371 540
006860201034005 0.745544 263 392 383 445
006860201034005 0.62249815 204 372 323 429
006860201034005 0.324951 242 362 387 411
006860201034005 0.30107486 1877 441 1955 503
006860201034005 0.2114986 1922 455 1998 539
006860201034005 0.18300214 1932 378 1997 446
006860201034005 0.11246317 1924 305 1990 374
006860201034005 0.092329375 1918 409 1982 480
006860201034005 0.06904992 290 413 382 491
006860201034005 0.06388064 118 415 199 484
006860201034005 0.05203432 1929 283 1986 334
006860201034005 0.01926425 1893 384 1965 455
006860201034005 0.0186702 249 447 347 523
006860201034005 0.017797627 185 344 326 398
006860201034005 0.011020652 161 393 263 458
001179401026579 0.67476815 279 607 352 662
001179401026579 0.55972934 228 504 352 546
001179401026579 0.27299294 112 488 243 531
001179401026579 0.110814 231 450 331 520
001179401026579 0.1063234 112 507 195 566
001179401026579 0.010449583 95 608 146 697
006904801034451 0.6149049 786 513 847 596
006904801034451 0.3093568 1625 458 1667 550
006904801034451 0.27352187 1579 413 1642 482
006904801034451 0.17506616 1465 321 1568 366
006904801034451 0.11504186 944 323 1107 382
006904801034451 0.07844258 841 482 904 572
006904801034451 0.07142259 782 558 855 632
006904801034451 0.07084313 1054 494 1100 618
006904801034451 0.066350274 1581 479 1659 591
006904801034451 0.061459426 1027 447 1074 611
006904801034451 0.049124375 1454 379 1538 449
006904801034451 0.040321443 1465 345 1533 414
006904801034451 0.040013816 1387 351 1444 409
006904801034451 0.03593238 872 499 950 584
006904801034451 0.03371844 809 357 885 424
006904801034451 0.026841179 1493 342 1591 388
006904801034451 0.023482943 1571 380 1650 444
006904801034451 0.022875864 1001 484 1046 613
006904801034451 0.01760655 1563 450 1636 536
006904801034451 0.017432878 1527 418 1606 490
006904801034451 0.013640939 1424 357 1489 424
006904801034451 0.01046076 1655 367 1712 468
006904801034451 0.010365105 1642 445 1696 563
006904801034451 0.010124174 1493 382 1578 428
006904801034451 0.010017259 830 537 907 601
006701001032413 0.7586565 526 502 592 562
006701001032413 0.30705732 513 418 587 498
006701001032413 0.20714068 490 492 548 584
006701001032413 0.15584056 564 475 605 577
006701001032413 0.14705911 538 526 594 612
006701001032413 0.1014936 235 477 323 530
006701001032413 0.041800626 501 459 578 529
006701001032413 0.020030929 608 661 638 737
006701001032413 0.013880738 582 684 628 779
000617801019963 0.900599 1211 609 1298 679
000617801019963 0.705833 419 528 479 628
000617801019963 0.6065597 472 472 523 587
000617801019963 0.5693622 646 450 709 558
000617801019963 0.5163041 388 586 484 640
000617801019963 0.46603018 1261 622 1322 687
000617801019963 0.43887487 1219 463 1266 538
000617801019963 0.35335955 1244 453 1317 519
000617801019963 0.3019848 576 448 634 563
000617801019963 0.28836587 450 482 494 582
000617801019963 0.22237098 384 511 453 593
000617801019963 0.11914376 1175 602 1248 672
000617801019963 0.095659256 448 564 502 643
000617801019963 0.05732965 1241 579 1317 649
000617801019963 0.04083077 549 434 613 524
000617801019963 0.033899702 1281 471 1338 551
000617801019963 0.03191603 499 493 564 575
000617801019963 0.016344413 597 479 668 583
000617801019963 0.015166811 1235 498 1289 579
000617801019963 0.010093422 456 453 516 524
006604301031446 0.5614954 1132 494 1169 620
006604301031446 0.5090023 1368 548 1506 613
006604301031446 0.20632441 1130 425 1183 510
006604301031446 0.20110165 980 598 1067 672
006604301031446 0.13404173 694 499 730 609
006604301031446 0.07909019 1350 422 1423 488
006604301031446 0.07798976 1347 454 1447 515
006604301031446 0.07250709 1331 521 1443 560
006604301031446 0.06239476 1110 459 1159 556
006604301031446 0.06231176 714 512 755 616
006604301031446 0.06214752 55 533 111 604
006604301031446 0.040941834 1629 398 1712 464
006604301031446 0.0355544 417 616 482 722
006604301031446 0.0340447 1107 516 1150 602
006604301031446 0.02455002 100 500 183 561
006604301031446 0.020778922 137 616 210 692
006604301031446 0.017255023 1079 484 1137 588
006604301031446 0.013705956 49 484 115 562
006604301031446 0.013434662 1323 495 1446 541
006604301031446 0.013334637 86 453 159 514
006604301031446 0.013060012 1518 420 1624 535
006604301031446 0.011381185 1322 426 1383 480
006604301031446 0.010832461 1321 548 1433 588
006650601031909 0.8775671 904 540 940 677
006650601031909 0.6901939 701 547 786 608
006650601031909 0.6307148 679 537 745 649
006650601031909 0.4572202 822 375 891 441
006650601031909 0.4219068 890 378 938 451
006650601031909 0.18000129 864 394 917 467
006650601031909 0.121735565 822 425 881 526
006650601031909 0.120802 1 668 30 807
006650601031909 0.10391654 903 433 935 542
006650601031909 0.078382276 756 453 830 546
006650601031909 0.06644761 721 486 795 593
006650601031909 0.050158482 870 434 913 554
006650601031909 0.0413397 791 360 870 409
006650601031909 0.030277638 809 465 857 563
006650601031909 0.017917613 883 544 925 643
006650601031909 0.01705569 871 572 929 741
006650601031909 0.01561196 723 423 790 519
006602401031427 0.57537806 175 499 241 609
006602401031427 0.38995177 1486 535 1572 633
006602401031427 0.26751435 1308 473 1407 527
006602401031427 0.2541803 194 686 268 826
006602401031427 0.1814246 1284 453 1372 510
006602401031427 0.17860053 1157 466 1337 511
006602401031427 0.14108041 1431 530 1535 607
006602401031427 0.10363463 165 463 246 531
006602401031427 0.062533565 139 489 202 605
006602401031427 0.038847126 131 675 247 769
006602401031427 0.02974681 1263 478 1365 549
006602401031427 0.01847774 188 609 264 690
006602401031427 0.010109313 1384 495 1465 573
007067601030820 0.17024386 138 655 257 718
007067601030820 0.033494473 145 620 195 698
007067601030820 0.027996331 107 517 149 620
006493601008737 0.7789042 1402 603 1545 656
006493601008737 0.6741391 1221 453 1292 520
006493601008737 0.097300775 1418 458 1546 504
006493601008737 0.046208285 1560 439 1648 484
006493601008737 0.045147225 1574 462 1650 535
006493601008737 0.04055117 1374 490 1466 536
006493601008737 0.02289946 1535 416 1625 464
006493601008737 0.013158809 1363 516 1466 564
006493601008737 0.010731517 1270 472 1338 522
007516101031034 0.12813024 944 474 1014 573
007516101031034 0.034503005 1038 398 1089 488
007516101031034 0.029234668 578 437 632 562
007516101031034 0.027184296 870 499 928 590
007516101031034 0.025338838 997 498 1057 580
007159701031781 0.5747992 838 670 956 732
007159701031781 0.40730467 827 638 928 704
007159701031781 0.033802014 886 701 967 765
007159701031781 0.024666535 713 622 812 669
007159701031781 0.021936763 846 716 933 757
007159701031781 0.010493983 749 594 843 663
000496701018752 0.9857302 442 672 570 746
000496701018752 0.5373207 362 554 443 614
000496701018752 0.1813397 237 561 324 622
000496701018752 0.09649955 268 585 341 641
000496701018752 0.09357051 754 602 826 676
000496701018752 0.08741035 1123 665 1242 737
000496701018752 0.049662113 354 519 448 574
000496701018752 0.044024702 805 438 853 552
000496701018752 0.038096998 510 467 636 532
000496701018752 0.031943463 1290 442 1330 516
000496701018752 0.015490458 425 560 509 633
000496701018752 0.012823397 1228 462 1314 561
000496701018752 0.010241992 1251 417 1326 495
000255801016343 0.6995518 1428 550 1517 642
000255801016343 0.31012255 1148 406 1192 490
000255801016343 0.28496683 679 474 767 579
000255801016343 0.24626218 88 621 158 697
000255801016343 0.22423649 1185 430 1278 511
000255801016343 0.21800701 941 476 992 619
000255801016343 0.19122332 825 415 882 512
000255801016343 0.120432794 722 578 846 651
000255801016343 0.08958523 1099 424 1178 502
000255801016343 0.0773888 926 600 988 755
000255801016343 0.07344263 106 602 193 655
000255801016343 0.05469885 903 626 956 739
000255801016343 0.047549974 1177 412 1226 488
000255801016343 0.045364555 725 448 796 552
000255801016343 0.030249719 772 487 857 559
000255801016343 0.02479641 916 456 980 549
000255801016343 0.023960534 1476 495 1548 620
000255801016343 0.019092988 886 593 934 701
000255801016343 0.015108269 807 510 882 578
000255801016343 0.013672729 779 559 863 622
000255801016343 0.013347706 899 500 963 600
000255801016343 0.012761201 912 555 967 669
000255801016343 0.011120352 135 667 202 730
000336701017152 0.99632 85 711 184 762
000336701017152 0.029739339 97 628 161 674
000336701017152 0.014324771 119 691 199 735
000214101015926 0.96927893 1585 641 1676 769
000214101015926 0.42328924 660 624 729 719
000214101015926 0.33385494 0 381 40 523
000214101015926 0.17278424 695 591 752 701
000214101015926 0.053234152 198 516 269 650
000214101015926 0.03569829 1676 514 1731 591
000214101015926 0.030756997 595 692 668 807
000214101015926 0.024859741 246 696 340 782
000214101015926 0.011310831 609 627 692 756
000214101015926 0.010607062 272 647 330 751
000416901017954 0.6871954 203 410 300 479
000416901017954 0.48056227 641 666 761 728
000416901017954 0.20673859 803 678 951 731
000416901017954 0.1942214 784 556 874 624
000416901017954 0.12574728 675 569 766 643
000416901017954 0.04146393 201 602 299 674
000416901017954 0.03703283 654 634 763 691
000324501017030 0.9697324 780 531 853 608
000324501017030 0.75490606 185 566 273 639
000324501017030 0.41924685 892 511 994 562
000324501017030 0.32059196 91 487 179 554
000324501017030 0.28271243 857 512 934 557
000324501017030 0.060622998 69 515 165 590
000324501017030 0.047463983 796 574 896 634
000324501017030 0.033302974 791 520 878 567
000324501017030 0.025608761 866 483 1009 527
000324501017030 0.019315083 208 604 295 667
000324501017030 0.016426867 114 590 209 649
000324501017030 0.015238758 55 541 127 620
000324501017030 0.012143274 330 668 406 742
000324501017030 0.010066111 189 530 272 599
006562401009425 0.44697168 270 613 442 667
006562401009425 0.34606695 430 542 552 602
006562401009425 0.12267255 1560 446 1676 509
006562401009425 0.12086438 1517 553 1595 629
006562401009425 0.06409411 728 452 829 517
006562401009425 0.03846452 411 504 488 553
006562401009425 0.03309707 848 622 911 705
006562401009425 0.03276247 1600 438 1716 482
006562401009425 0.021483904 834 558 908 656
006562401009425 0.020375915 417 576 533 630
007746001033333 0.78462017 137 537 240 621
007746001033333 0.70304334 469 473 519 537
007746001033333 0.13433611 239 600 359 661
007746001033333 0.13313052 547 534 568 616
007746001033333 0.096342266 449 444 524 503
007746001033333 0.038815774 305 505 399 579
007746001033333 0.016431969 514 584 555 659
007746001033333 0.010428717 461 598 511 673
007076401030911 0.75919634 313 575 361 655
007076401030911 0.26465493 151 550 199 625
007076401030911 0.21161371 132 470 189 543
007076401030911 0.08421203 280 485 336 552
007076401030911 0.033144165 128 559 172 627
007076401030911 0.021257171 265 448 320 523
007076401030911 0.01297002 193 447 269 518
007076401030911 0.011542721 159 587 240 662
007076401030911 0.011496221 255 540 313 614
007461201030485 0.99213785 427 568 476 735
007461201030485 0.41790846 898 481 975 584
007461201030485 0.27128246 443 496 500 578
007461201030485 0.1612526 874 473 941 548
007461201030485 0.07920531 814 553 865 629
007461201030485 0.06978688 426 483 463 653
007461201030485 0.064126976 291 510 349 607
007461201030485 0.059368137 393 544 444 721
007461201030485 0.036343306 789 580 843 674
007461201030485 0.028907217 324 544 378 682
007461201030485 0.025089063 378 544 416 678
007461201030485 0.019057553 398 480 435 624
007461201030485 0.0156571 351 519 400 659
007461201030485 0.010718196 459 543 507 709
000722801021013 0.893888 197 870 354 925
000722801021013 0.24004163 275 702 367 808
000722801021013 0.07442264 217 532 307 585
000341501017200 0.9167592 473 419 547 501
000341501017200 0.7521904 364 428 451 485
000341501017200 0.7240007 395 368 500 423
000341501017200 0.18289441 272 413 394 480
000341501017200 0.15680769 364 457 453 527
000341501017200 0.15410934 234 463 341 528
000341501017200 0.076700754 361 385 445 458
000341501017200 0.037930183 283 452 414 513
000341501017200 0.024478327 389 349 477 390
000341501017200 0.01818255 428 441 511 502
000341501017200 0.017276125 472 387 533 457
000341501017200 0.015325965 364 358 432 417
000341501017200 0.013569576 395 534 512 598
001342201028207 0.88084674 451 455 527 502
001342201028207 0.11462547 366 411 508 449
001342201028207 0.05067509 545 591 582 655
001342201028207 0.042277686 341 606 426 662
001342201028207 0.041627754 412 444 553 482
001342201028207 0.028415857 267 604 400 644
001342201028207 0.019770203 452 394 596 442
000843201022217 0.9957397 469 615 545 681
000843201022217 0.31327862 395 525 516 578
000843201022217 0.09809668 133 586 201 670
000843201022217 0.07676597 226 590 302 658
000843201022217 0.050965767 593 609 647 682
000843201022217 0.019841537 210 558 300 620
000843201022217 0.013307154 466 527 567 587
000843201022217 0.012148692 142 730 241 817
006988101035284 0.21897434 664 582 736 673
006988101035284 0.17274722 237 556 282 611
006988101035284 0.020988883 699 589 785 685
006821301033616 0.8977809 583 464 664 542
006821301033616 0.32107624 322 482 431 572
006821301033616 0.14796065 238 617 322 697
006821301033616 0.06125111 647 380 714 452
006821301033616 0.043104365 593 436 690 494
006821301033616 0.027697043 669 293 750 335
006837301033776 0.64278346 512 708 603 777
006837301033776 0.09375997 124 596 220 685
006837301033776 0.04909907 490 736 572 791
006837301033776 0.019849904 35 628 119 753
006837301033776 0.01632405 402 767 486 814
007457101030444 0.27739432 360 687 437 782
007457101030444 0.15480663 202 465 252 540
007457101030444 0.05622913 322 678 397 752
007457101030444 0.043360606 170 486 214 559
001084801025633 0.574946 829 557 918 637
001084801025633 0.058514047 736 532 835 618
001084801025633 0.011692718 869 632 934 749
001084801025633 0.010485503 678 573 801 642
000500501018790 0.96167 237 443 299 525
000500501018790 0.9173581 325 470 365 540
000500501018790 0.1712549 298 584 402 642
000500501018790 0.11620978 244 492 307 576
000500501018790 0.101797834 163 514 206 614
000500501018790 0.04098758 284 479 340 557
000500501018790 0.031479746 170 376 299 419
000500501018790 0.017950786 200 434 262 504
000500501018790 0.015574205 348 576 424 624
000500501018790 0.015325066 131 491 179 596
000500501018790 0.014048217 509 562 580 663
000500501018790 0.01128453 137 552 189 637
000500501018790 0.010940067 293 453 379 507
007083101030979 0.9738971 314 555 386 645
007197501032180 0.2255523 436 567 480 681
007197501032180 0.16557838 641 473 695 575
007197501032180 0.14287421 667 524 743 611
007197501032180 0.06321615 356 536 427 666
007197501032180 0.06311364 616 553 690 640
007197501032180 0.038157154 187 533 262 629
007197501032180 0.031259004 526 653 593 725
007197501032180 0.023118729 320 546 381 684
007197501032180 0.020896163 549 709 635 816
007197501032180 0.017755542 605 506 658 597
007197501032180 0.01668177 125 502 222 561
007197501032180 0.011544979 617 454 670 544
007779901033672 0.37948525 173 342 293 400
007779901033672 0.34987554 771 433 880 486
007779901033672 0.11341161 73 444 162 527
007779901033672 0.057879604 152 366 259 427
007779901033672 0.056734946 246 357 318 423
007779901033672 0.03389768 239 672 314 747
007779901033672 0.018057905 206 664 252 734
007779901033672 0.017662806 183 664 226 719
007779901033672 0.015390555 274 592 333 713
007779901033672 0.012941824 140 390 221 454
007704801032921 0.620696 1768 521 1833 649
007704801032921 0.47446668 647 419 740 536
007704801032921 0.28159323 627 574 694 656
007704801032921 0.12753543 1621 434 1728 507
007704801032921 0.08314197 376 483 473 534
007704801032921 0.0791368 419 519 494 627
007704801032921 0.05713723 332 471 424 536
007704801032921 0.025301706 394 445 532 509
007704801032921 0.022179438 1803 480 1882 649
007704801032921 0.018784342 393 542 454 642
007704801032921 0.013459073 1645 325 1717 406
001111901025904 0.9010448 501 564 544 654
001111901025904 0.8852089 973 630 1095 687
001111901025904 0.5142811 454 557 501 665
001111901025904 0.35493505 713 634 821 711
001111901025904 0.34583375 416 553 463 662
001111901025904 0.17061037 449 627 509 704
001111901025904 0.050170455 527 520 566 657
001111901025904 0.03397641 474 592 546 720
001111901025904 0.01066303 454 526 522 608
007886501029826 0.9139276 227 638 386 688
000924801023033 0.98698366 128 575 215 688
000924801023033 0.8956182 669 436 744 522
000924801023033 0.4089994 137 409 261 473
000924801023033 0.37856388 643 506 708 596
000924801023033 0.13333182 170 613 257 676
000924801023033 0.0451123 706 415 773 492
000924801023033 0.02705905 693 510 734 589
000924801023033 0.017686564 527 518 616 603
000924801023033 0.015850134 733 629 776 700
000924801023033 0.010630476 766 537 796 643
007132201031488 0.6269895 76 689 150 788
007132201031488 0.0952568 71 648 116 752
007132201031488 0.04148354 133 572 199 655
007132201031488 0.04066695 215 579 290 633
007132201031488 0.023671303 162 556 262 617
007132201031488 0.016487906 255 634 320 717
007132201031488 0.012683572 98 656 144 733
007132201031488 0.012251554 167 679 238 756
007380601034117 0.8836731 343 627 496 710
007380601034117 0.25716233 969 456 1024 604
007380601034117 0.24457227 892 437 977 525
007380601034117 0.06541327 762 486 817 595
007380601034117 0.046285108 853 459 923 561
007380601034117 0.041391965 917 483 996 578
007380601034117 0.033694424 266 476 345 583
007380601034117 0.029645361 205 399 333 451
007380601034117 0.023730345 745 412 829 497
007380601034117 0.0216288 825 429 907 503
007380601034117 0.017855285 198 370 290 433
007380601034117 0.016005924 827 491 878 586
007380601034117 0.013425324 356 406 432 500
007380601034117 0.011883413 794 508 841 585
000365201017437 0.86540717 1482 437 1565 491
000365201017437 0.825864 1067 523 1114 595
000365201017437 0.77726597 962 662 1034 720
000365201017437 0.55443865 918 644 1004 707
000365201017437 0.3918095 1535 417 1610 476
000365201017437 0.383268 1436 427 1521 495
000365201017437 0.24637154 169 523 232 627
000365201017437 0.19715345 128 533 194 634
000365201017437 0.1261104 153 390 234 451
000365201017437 0.08842418 1284 425 1366 478
000365201017437 0.05921773 1466 392 1563 444
000365201017437 0.054122332 997 539 1061 622
000365201017437 0.042316973 1050 547 1108 668
000365201017437 0.039264467 1029 509 1097 598
000365201017437 0.02870899 1282 373 1402 429
000365201017437 0.025308156 1461 461 1535 524
000365201017437 0.022541812 955 559 1024 648
000365201017437 0.02192271 97 449 173 537
000365201017437 0.018239126 122 408 209 499
000365201017437 0.017322905 1278 481 1352 552
000365201017437 0.015553734 198 491 258 609
000365201017437 0.012140431 1409 449 1480 536
007277301033028 0.814665 410 575 530 614
007277301033028 0.025634635 258 588 320 677
007277301033028 0.01743005 376 608 450 663
007277301033028 0.017239176 397 588 489 645
007717201033045 0.5180708 323 635 380 701
007717201033045 0.44337755 0 595 25 664
007717201033045 0.44271833 323 474 371 549
007717201033045 0.32211283 213 501 287 547
007717201033045 0.2053034 242 526 307 580
007717201033045 0.14981763 0 642 26 688
007717201033045 0.14310661 330 509 364 589
007717201033045 0.09758897 303 487 343 557
007717201033045 0.089059144 312 591 360 666
007717201033045 0.060436476 269 619 338 666
007717201033045 0.04930294 291 581 344 638
007717201033045 0.029392207 318 557 350 624
007886901029830 0.64708036 1196 404 1272 461
007886901029830 0.24458139 346 502 427 586
007886901029830 0.23691855 157 513 228 603
007886901029830 0.2066171 49 586 121 655
007886901029830 0.19311364 64 618 145 689
007886901029830 0.12961222 269 435 386 496
007886901029830 0.08975515 193 430 339 466
007886901029830 0.07842518 1145 476 1264 542
007886901029830 0.072191305 109 637 194 722
007886901029830 0.06603214 49 465 148 530
007886901029830 0.06373946 26 546 89 620
007886901029830 0.055065475 1070 441 1198 503
007886901029830 0.049110696 1173 434 1279 496
007886901029830 0.028195934 70 554 140 632
007886901029830 0.026765991 54 502 132 584
007886901029830 0.02103406 170 413 318 441
007886901029830 0.015503823 288 514 387 570
007886901029830 0.0153177995 197 450 307 486
007886901029830 0.010533056 1150 414 1234 479
007103801031193 0.63387305 350 527 426 630
007103801031193 0.444389 274 464 345 594
007103801031193 0.33480188 325 514 393 597
007103801031193 0.038231347 757 623 898 670
007103801031193 0.027666055 732 587 854 651
007103801031193 0.02528811 392 503 472 585
007103801031193 0.020890467 724 546 848 616
007103801031193 0.016361726 784 404 840 492
007103801031193 0.011253673 880 403 940 489
008002701030988 0.9486373 246 415 315 488
008002701030988 0.24034779 417 373 491 487
008002701030988 0.04456571 286 411 342 508
008002701030988 0.010013902 597 597 653 702
001243801027223 0.9899374 720 536 794 652
001243801027223 0.3660437 1534 585 1599 640
001243801027223 0.07792323 1367 509 1434 592
001243801027223 0.07126402 592 437 648 551
001243801027223 0.033817787 689 526 755 620
001243801027223 0.031345207 1459 407 1541 479
001243801027223 0.020358156 1414 338 1495 413
001243801027223 0.011140441 1504 425 1572 485
007055901030697 0.667823 397 509 451 580
007055901030697 0.5497836 471 669 572 726
007055901030697 0.40335533 317 408 463 437
007055901030697 0.31669638 356 517 406 588
007055901030697 0.22266385 481 597 557 656
007055901030697 0.20282532 202 401 313 434
007055901030697 0.16266663 418 489 501 548
007055901030697 0.114547916 307 422 474 463
007055901030697 0.08384712 334 436 447 498
007055901030697 0.05850853 164 392 297 417
007055901030697 0.056115523 480 488 545 541
007055901030697 0.019960903 116 404 249 437
007055901030697 0.016091114 238 429 343 469
007055901030697 0.0150550045 115 426 276 467
007055901030697 0.010426961 338 393 465 422
007055901030697 0.010413 319 499 377 577
007055901030697 0.010223857 512 500 558 575
001260301027388 0.99743795 329 639 425 746
001260301027388 0.095103 301 612 379 698
001260301027388 0.063958175 78 566 178 651
001260301027388 0.037185386 37 586 90 660
001260301027388 0.021592705 22 638 79 711
001238101027166 0.98254806 14 573 66 628
001238101027166 0.8757721 0 641 48 708
001238101027166 0.52499735 0 507 42 560
001238101027166 0.3784527 244 563 313 622
001238101027166 0.12111675 5 593 40 643
001238101027166 0.11669755 188 800 257 866
001238101027166 0.05227541 77 529 137 622
001238101027166 0.04223234 15 663 100 713
001238101027166 0.03786959 91 272 136 316
001238101027166 0.024673086 0 679 63 732
001238101027166 0.018424576 261 645 357 706
001238101027166 0.017542135 196 579 259 628
001238101027166 0.014805022 0 619 36 668
001238101027166 0.014098435 473 485 523 583
006523601028197 0.21038447 236 454 290 534
006523601028197 0.15010707 394 559 449 689
006523601028197 0.13831508 570 734 603 798
006523601028197 0.05929601 371 574 422 673
006523601028197 0.023900917 329 471 383 571
006523601028197 0.019891141 234 505 293 628
006523601028197 0.017872142 409 520 463 626
006523601028197 0.014519237 392 487 466 563
000843601022221 0.99096197 767 473 839 592
000843601022221 0.19304548 1083 450 1134 587
000843601022221 0.036206376 728 489 798 567
006948201034885 0.5006557 1934 609 1991 673
006948201034885 0.37464917 1915 572 1985 647
006948201034885 0.36933193 177 600 265 676
006948201034885 0.3635801 303 429 392 481
006948201034885 0.3416439 522 444 566 543
006948201034885 0.30682898 510 511 561 605
006948201034885 0.14410388 542 479 574 590
006948201034885 0.106096596 360 450 429 495
006948201034885 0.099562444 505 431 550 499
006948201034885 0.096579365 461 677 529 758
006948201034885 0.0837815 271 516 345 595
006948201034885 0.065836795 325 552 399 633
006948201034885 0.05484073 486 555 538 639
006948201034885 0.034683246 233 589 323 653
006948201034885 0.03450552 186 547 261 632
006948201034885 0.034164727 147 656 242 726
006948201034885 0.03167609 1938 527 1989 595
006948201034885 0.02853748 339 673 438 753
006948201034885 0.025149405 1937 472 1981 541
006948201034885 0.024421727 449 612 531 690
006948201034885 0.022311313 496 469 544 558
006948201034885 0.020638673 312 515 392 591
006948201034885 0.020318737 381 608 469 672
006948201034885 0.020085309 1443 534 1566 606
006948201034885 0.01895103 279 451 355 507
006948201034885 0.014800362 423 548 511 616
007515901031032 0.6930402 411 451 477 536
007515901031032 0.3761468 253 539 326 610
007515901031032 0.3728168 347 453 409 542
007515901031032 0.21929672 288 481 391 538
007515901031032 0.17381348 130 518 174 629
007515901031032 0.12945098 262 604 328 681
007515901031032 0.06140666 513 418 573 509
007515901031032 0.045339182 476 427 538 517
007515901031032 0.0405544 371 418 435 512
007515901031032 0.039763276 258 505 376 567
007515901031032 0.02017839 444 470 506 569
000180401015589 0.87650144 192 540 332 593
000180401015589 0.4267853 309 415 384 484
000180401015589 0.20353559 258 449 358 497
000180401015589 0.078370154 208 472 308 528
000180401015589 0.010243384 167 515 303 567
006592101009722 0.8503024 1934 710 1986 824
006592101009722 0.81347334 730 392 860 442
006592101009722 0.68484807 437 452 537 497
006592101009722 0.63680714 426 434 546 462
006592101009722 0.56315213 732 440 844 509
006592101009722 0.3236708 481 400 555 455
006592101009722 0.24108985 741 421 869 464
006592101009722 0.12148784 434 581 513 657
006592101009722 0.10255367 1939 541 1981 626
006592101009722 0.048656292 1929 487 1978 578
006592101009722 0.021070566 381 433 484 477
006592101009722 0.01684872 429 610 552 702
006592101009722 0.013079424 222 431 315 504
